0,1,2,3,4
0.0,0.0,1.0,0.0,0.0
4.512813762172867e-05,0.005573980320906776,0.03173837406941727,0.9552561855066233,0.007386331965431105
6.461750004739085e-05,0.004153046555558407,0.05577553855632975,0.9250226186932781,0.014984178694786443
6.561228945188505e-05,0.005355172948229836,0.046603484700797476,0.9338637705572217,0.0141119595042991
0.0,0.0,0.0,1.0,0.0
0.000174487292283675,0.04282624246434838,0.1639454133380062,0.7782221296615479,0.014831727243813929
0.0,0.0,0.0,1.0,0.0
0.00012044636377058529,0.028320079905611292,0.2035779035733072,0.73479834313645,0.033183227020861045
0.0005302880483260302,0.028982004328069046,0.11417102508367348,0.8315493861905658,0.024767296349365565
7.60417147802595e-05,0.006500637693150441,0.07839169309303726,0.9032253960933719,0.011806231405660212
5.822754451664896e-05,0.0014427421624406548,0.007758582272945239,0.9883937205946601,0.0023467274254373024
5.8122211909735104e-05,0.0012996587940572047,0.03803256147311423,0.954436005191623,0.0061736523292958145
0.0007100531093420421,0.055226078325569423,0.4707468574882775,0.29628634991742425,0.1770306611593867
0.00028603210901084834,0.04445384019654184,0.35055683566507156,0.5019396984770271,0.1027635935523485
0.0006128882971591307,0.031476320613389036,0.20608773419777696,0.6476296318140478,0.11419342507762713
0.0,1.0,0.0,0.0,0.0
0.0,0.0,1.0,0.0,0.0
6.301068484127358e-05,0.01615759691497434,0.13120916673438543,0.839843070962096,0.012727154703702986
4.5537302468673786e-05,0.0019352896194677301,0.017607100730561764,0.9770711968364248,0.0033408755110769348
6.351806175719923e-05,0.002753424936591446,0.025160242927421396,0.964560415586488,0.007462398487742008
0.0,0.0,0.0,1.0,0.0
4.270283922491692e-05,0.0008542637194787536,0.00939107398816127,0.9867055761359969,0.003006383317138151
0.00023018187270850075,0.026458582627441586,0.4284568847798898,0.4903081592247723,0.05454619149518792
0.0003150518437793568,0.09743047797196938,0.24157886200748377,0.5877458169989395,0.07292979117782812
5.9784293864166124e-05,0.003563301660299462,0.021228303171427647,0.967897494782978,0.007251116091430693
0.000458300113927879,0.08695560697413765,0.3085985247780844,0.5509694530750058,0.05301811505884427
0.0,0.0,1.0,0.0,0.0
5.092923881294498e-05,0.0037840520493175544,0.018020898682900733,0.9744047494059944,0.0037393706229743484
0.00014408183811744806,0.00747509205409655,0.35068678477629284,0.6286388184445862,0.013055222886906892
0.0,0.0,0.0,1.0,0.0
7.831884768806754e-05,0.0076849761579736295,0.028613563174947256,0.9593888517538567,0.004234290065534304
0.0,0.0,0.0,1.0,0.0
4.851082722093977e-05,0.013609038075844081,0.16890877026633877,0.8045906933927278,0.012842987437868275
0.0,0.0,0.0,0.0,1.0
0.00010347291648407838,0.010708572018306882,0.06140009288832509,0.9144790774558094,0.013308784721074612
7.199727083389247e-05,0.010534594736590118,0.10566541073548916,0.8717178784517672,0.012010118805319525
6.72847227745809e-05,0.0054557287121906614,0.034016463357584785,0.9527346453844712,0.007725877822978807
0.00017480807799818323,0.022534027664626845,0.2977389498099233,0.6204357452148173,0.05911646923263452
7.964367874132565e-05,0.011763104703248867,0.14324782728797147,0.8314052052829175,0.013504219047120873
0.0,0.0,0.0,1.0,0.0
5.2520021681024284e-05,0.0011830706299385573,0.009213318326430443,0.987492866669563,0.0020582243523869807
0.0,0.0,0.0,1.0,0.0
0.0,0.0,1.0,0.0,0.0
0.00014982594500459313,0.022436382764059973,0.30486630506403184,0.6372602673470373,0.03528721887986625
5.5126417027526864e-05,0.0020540472734743714,0.015919954569623057,0.9765335569772474,0.005437314762627676
0.0,0.0,0.0,1.0,0.0
0.0,0.0,0.0,1.0,0.0
8.323297950992685e-05,0.007024348434518985,0.1582083728878629,0.8176003922167492,0.01708365348135898
0.0002779985104671425,0.05201602983159663,0.2818258324503169,0.5842614888725199,0.08161865033509944
0.0,0.0,0.0,1.0,0.0
0.00010036027002828744,0.00257475125171031,0.02611913010378064,0.9613476726386871,0.009858085735793644
0.0005563213165343129,0.09420440887897413,0.2621139111366498,0.578426642445109,0.06469871622273278
0.00019380067673220098,0.06027040347611772,0.34105940344959945,0.5591102326990561,0.039366159698494434
7.718731150191533e-05,0.0035103981445388775,0.05814075360637593,0.9103624631205869,0.0279091978169964
8.089358729548145e-05,0.007990956606541713,0.13685761041803748,0.8399697581697858,0.01510078121833946
0.0,0.0,0.0,1.0,0.0
6.233830198038563e-05,0.009028558709525692,0.11224812487815763,0.8666329874597981,0.012027990650538141
0.0,0.0,0.0,1.0,0.0
7.175867010811949e-05,0.0034214764086843157,0.060078388549378144,0.9203780025048612,0.016050373866968223
0.0,0.0,0.0,1.0,0.0
9.335621891869004e-05,0.031116649898296208,0.17942942180683558,0.7660386825361859,0.023321889539763715
4.1838890601637293e-05,0.0022908943457091396,0.020355191734539955,0.9739013694048442,0.003410705624305117
5.725041398005285e-05,0.0008330998429097966,0.007918934374082441,0.9891766078227519,0.002014107546275877
0.0,0.0,0.0,1.0,0.0
0.0001579482548818432,0.01828477092604158,0.12606109445130664,0.827869504270732,0.027626682097037877
7.054328460054672e-05,0.005349895880863074,0.029437490399243885,0.954776876049593,0.010365194385699354
8.977615941914174e-05,0.005759656161378054,0.09801485907273257,0.8792411266543975,0.01689458195207286
0.00025452564685673443,0.059152243676394226,0.3327131352453278,0.5299544397452853,0.07792565568613585
0.00011489817503795136,0.002974982683716468,0.1069603652106606,0.8805115864299871,0.009438167500597975
0.0007736772133315177,0.056544734294927415,0.2158233827426332,0.6518630069644473,0.07499519878466059
5.140871940536131e-05,0.0011935804196868524,0.0184759857317851,0.9738447239904666,0.006434301138656082
0.0,0.0,0.0,1.0,0.0
5.598978831959257e-05,0.0023031494960054303,0.022378479872742,0.9729875605402643,0.0022748203026688517
0.00033103740779572217,0.015377714347245042,0.32562405488521384,0.5711980528020831,0.08746914055766229
6.557388199697783e-05,0.005421523566020146,0.024765182015377748,0.9598849793014632,0.009862741235141958
0.0002615920249086077,0.03877647418263569,0.3199235841441128,0.5787294750365407,0.06230887461180212
4.023049744117718e-05,0.0026724001696283284,0.029515280696726612,0.9621063465068517,0.005665742129352115
5.432938981565452e-05,0.002223595503570162,0.03431935877674113,0.9481890306474096,0.015213685682463592
0.0,0.0,0.0,1.0,0.0
8.719673992119789e-05,0.003266245218396366,0.07348401834938924,0.9198740087636975,0.0032885309285956604
5.4137990274008106e-05,0.004090650059840359,0.049786731484177386,0.9397652592148618,0.006303221250846634
5.346330217513306e-05,0.0035760851987842483,0.017755445836215054,0.9745604550153607,0.004054550647464872
4.5993246280348516e-05,0.0008590877007373602,0.008931146207003858,0.9865381939353995,0.003625578910578869
6.124331865554818e-05,0.0028480422005946067,0.03721740964482305,0.9501035950764684,0.009769709759458477
0.0003814843097971026,0.0533749243502104,0.46004483934434953,0.3767155631624464,0.10948318883319651
0.0,0.0,0.0,1.0,0.0
7.757920862409936e-05,0.002194838332427758,0.0351413846483199,0.9597760467048683,0.0028101511057600412
0.00015781898301928704,0.058748074364160005,0.10295533317592341,0.8312237885581549,0.006914984918742408
5.578435149623862e-05,0.004554539590461789,0.017103273636503814,0.9701515754673505,0.008134826954187682
4.155841915746059e-05,0.0029964343669027574,0.02471567974342127,0.9674640002683258,0.004782327202192692
5.802562349569159e-05,0.01659289327312982,0.12700822326458838,0.8460042456876766,0.010336612151109523
8.887861356051794e-05,0.004303191595907386,0.025340678958807098,0.9590189501503925,0.011248300681332602
5.346504172144585e-05,0.004689320676349021,0.045018117735593506,0.9392892567048132,0.010949839841522828
0.0,0.0,0.0,1.0,0.0
5.8054529748344526e-05,0.008176272818331956,0.07010040488574704,0.9173785036553798,0.004286764110792972
6.576729963450302e-05,0.012439919486875546,0.022600953028080528,0.9621189005597169,0.002774459625692452
6.003140322120252e-05,0.004796132378324581,0.030833147189393516,0.9590131800673909,0.005297508961669809
0.00010522823032395995,0.013899073066072782,0.12458420756282029,0.849208042088578,0.012203449052204851
0.0001437921814888431,0.0012452047617508655,0.044296218700407626,0.9459449131595541,0.008369871196798604
0.0,0.0,0.0,1.0,0.0
7.015086545865942e-05,0.003338296841761994,0.040000370166013106,0.9469505309495951,0.009640651177171057
0.0,0.0,0.0,1.0,0.0
7.463977799733856e-05,0.011707507414286084,0.04600240449393189,0.9357938616662178,0.006421586647566868
0.0,0.0,0.0,1.0,0.0
0.0,0.0,0.0,0.0,1.0
4.780007267919883e-05,0.00519036476189951,0.03403136786509877,0.955369999191478,0.005360468108844452
4.5943834078024255e-05,0.0016891283873781472,0.01703823462633928,0.9779824037459771,0.003244289406227308
7.726185153260409e-05,0.008023394797364402,0.054148638534538544,0.9259357230781511,0.011814981738413322
0.0,0.0,0.0,1.0,0.0
7.159973583252321e-05,0.0030171368075087605,0.07066789198619092,0.9140845478883385,0.012158823582129313
6.142890496765207e-05,0.006785409129753583,0.11833470657251847,0.86392278882747,0.010895666565290438
5.74517739803548e-05,0.0018336758788042205,0.03643471211403431,0.9470421814252276,0.014631978807953533
0.00011657524175591267,0.017863404731304103,0.1339888205168,0.8322024930995656,0.01582870641057439
6.593786810579618e-05,0.005441446467619538,0.050529032826327785,0.9321757052472717,0.011787877590675183
0.0,0.0,0.0,1.0,0.0
5.3345667113649544e-05,0.001251674998106777,0.032281629633282,0.9638343536258837,0.002578996075613923
0.00014744837281813902,0.003890012643784696,0.0778112916489159,0.9034172096543585,0.014734037680122774
0.00015075675983828167,0.012908553410025081,0.1023533595634453,0.8511009677376543,0.033486362529037056
4.132603293882875e-05,0.0017031255229658106,0.016663511334198335,0.97524961254206,0.006342424567836938
8.874810830354612e-05,0.008984998071365097,0.12228886776377271,0.8479130352052138,0.02072435085134478
0.0004355817301410067,0.05702572652537707,0.20390283981102247,0.6876500040131295,0.050985847920329896
0.00025488912551233046,0.015680897277426685,0.2386211366595637,0.725756560594148,0.019686516343349333
4.684438221173119e-05,0.0014601037670274252,0.019964524835063134,0.9762739559826855,0.0022545710330122456
0.00017310920354773188,0.0045105713817296935,0.0917522650479845,0.8994574126531307,0.004106641713607365
4.4902583784137464e-05,0.0012189767841797568,0.00763805054328541,0.9859260661872091,0.0051720039015416405
5.469549646374843e-05,0.004062579416406412,0.03526145139077094,0.9517186238468007,0.008902649849558212
8.025733117068347e-05,0.014340663318272794,0.14295081008833613,0.8292262987958199,0.01340197046640063
0.0001579216881417978,0.05011383149749993,0.2585540492287431,0.6529180730585564,0.03825612452705865
0.0,0.0,0.0,1.0,0.0
0.00031097680104399164,0.04376688411066818,0.2950444609350527,0.6039018644911427,0.056975813662092346
0.0,0.0,0.0,1.0,0.0
0.0,0.0,0.0,1.0,0.0
6.151617302098157e-05,0.0052112973930156315,0.05079980347149679,0.9353337178108643,0.008593665151602248
9.384845082325895e-05,0.006156295325766154,0.0481753670428787,0.9347948781803129,0.010779611000218918
0.00015861665806077014,0.0037503926423887346,0.03589186095268993,0.9549222253034717,0.005276904443388904
8.086839346581013e-05,0.032475530227221376,0.017683020961353033,0.9452950309369462,0.004465549481013615
0.0,0.0,0.0,1.0,0.0
7.401278908114454e-05,0.01474165846875153,0.05911205332781331,0.9202512547738703,0.0058210206404837725
0.0,0.0,0.0,1.0,0.0
0.0,0.0,0.0,1.0,0.0
6.0896874986404574e-05,0.00789054994866089,0.10370438318982549,0.8773927731954152,0.010951396791112206
5.0790297490704264e-05,0.008527333043120882,0.03710572462914758,0.9480560266391691,0.006260125391071661
0.0,0.0,0.0,1.0,0.0
0.000132327864180874,0.008882068232898173,0.12404610770251963,0.8464364184578854,0.020503077742515845
0.0,0.0,0.0,1.0,0.0
0.0,0.0,0.0,1.0,0.0
9.31968849792325e-05,0.007288349471186659,0.15683168323821076,0.8066746848187015,0.02911208558692191
5.3547939399827215e-05,0.0037603765324936895,0.01847261578224992,0.9647500160006558,0.012963443745200677
7.143243344120471e-05,0.012790617566019881,0.06575042053986635,0.9097439047288106,0.011643624731862
0.0001576486368579252,0.005948194747996507,0.06507634768943121,0.9196501238887315,0.009167685036983016
0.0010937039006067896,0.06572880060939834,0.3595986554064346,0.45184329871838874,0.12173554136517145
6.941750543690707e-05,0.0014969898185339225,0.016707532189628903,0.9762290272514211,0.00549703323497909
5.3049359359628866e-05,0.002306503140432101,0.026787716110863877,0.9680981142671657,0.0027546171221787493
0.00017053577043829376,0.022509371198466053,0.13115125332391164,0.8186752538028217,0.027493585904362194
4.0000218181390716e-05,0.0008459722994139544,0.006374003075812363,0.9871920673665219,0.005547957040070477
0.00042312254739614285,0.04451606584633941,0.3021044090522498,0.608780556527912,0.044175846026102694
0.0,0.0,1.0,0.0,0.0
0.0001588293090850515,0.06384729573863646,0.22052556316322525,0.6898339744861016,0.025634337302951726
0.027340852904248883,0.12093020102710783,0.324859994758253,0.45431580457312,0.07255314673727041
0.0001568339088505346,0.004659455794400921,0.10224635974235499,0.8869459558151033,0.005991394739290347
4.718582144720191e-05,0.0011611113436868264,0.0063092878345577166,0.9880105370355445,0.0044718779647637185
0.0011810660494583737,0.014199547294519404,0.21152678517888146,0.6689926532524371,0.10409994822470375
0.0,1.0,0.0,0.0,0.0
0.00011227099465190307,0.015283180043406275,0.09102876073558565,0.8754923916953591,0.018083396530996967
0.0002303125215428807,0.04167355012298708,0.309164461467831,0.6177522158787166,0.03117946000892231
4.442672092411044e-05,0.005252641846262541,0.023332534246449134,0.9658705657809205,0.005499831405443687
9.118605563458735e-05,0.006673964339894241,0.10198737043373224,0.8754715479141777,0.01577593125656114
4.881113296173196e-05,0.0022531862365497302,0.025171351583298272,0.9698129697158887,0.002713681331301527
0.0,0.0,0.0,1.0,0.0
0.00025452564685673443,0.059152243676394226,0.3327131352453278,0.5299544397452853,0.07792565568613585
0.0007554220932945601,0.0516939789725747,0.39335328050605495,0.44255296899190255,0.11164434943617332
6.165713914973776e-05,0.001729783532202186,0.022476435940844895,0.9624989557794084,0.01323316760839479
0.0,0.0,1.0,0.0,0.0
6.962745470846522e-05,0.0034998074306497205,0.048803564483523694,0.9309835339418057,0.01664346668931246
0.002735408103100772,0.15376648054899436,0.29584240522128197,0.46448567672250624,0.08317002940411668
7.443984154154288e-05,0.005217943599465393,0.021556599691713172,0.9689098606654052,0.004241156201874645
0.00016437269295573937,0.03216782905522544,0.3015901947544182,0.6446819851374266,0.021395618359974097
5.036488571852804e-05,0.00882141217738628,0.026266206947265048,0.9491066053378122,0.015755410651817882
0.0,0.0,0.0,1.0,0.0
5.44358183106209e-05,0.0020817866539702026,0.019594773753846717,0.9742078615531564,0.004061142220716096
0.00016879938318710587,0.033459848647886245,0.24477694765333677,0.6781727291973877,0.04342167511820221
6.0694977623421126e-05,0.009020641964284275,0.025539615853516492,0.9607349410316005,0.004644106172975316
8.047410949176775e-05,0.001046954910831086,0.032351309477279974,0.9633252461341052,0.0031960153682919486
0.00010500211775977494,0.0034908193442541465,0.02262991026645024,0.9658774070124445,0.007896861259091231
0.0,0.0,0.0,1.0,0.0
6.0951309723481454e-05,0.001541276365584284,0.01318474307558541,0.9764501533858808,0.008762875863226135
0.0,0.0,1.0,0.0,0.0
0.0,0.0,0.0,1.0,0.0
0.00042712843497217523,0.11667938705277185,0.40086272055183075,0.3514186162353589,0.13061214772506632
0.0,0.0,1.0,0.0,0.0
5.410629839274429e-05,0.0014259522055529944,0.01737213372346872,0.9785846556464558,0.0025631521261298452
5.720218374495065e-05,0.007822463365440756,0.06463725479406372,0.9176732977112354,0.009809781945515322
0.0,0.0,0.0,1.0,0.0
0.0,0.0,0.0,1.0,0.0
0.000415271267468155,0.04139029182457343,0.3825155760035823,0.4620463311771923,0.11363252972718375
4.9647575143790416e-05,0.0063384670243673445,0.028719309632461776,0.9604910551179313,0.004401520650095828
5.309383729067521e-05,0.0010693511636382014,0.01978741444514291,0.9768546100985849,0.002235530455343377
5.3792323106256685e-05,0.002618410386924078,0.019113827584147303,0.9691244693894425,0.009089500316379822
5.528459491078051e-05,0.00058357230528172,0.006746520628365845,0.9908984522463659,0.001716170225075834
5.8465533118975e-05,0.0020520472469231833,0.014959991102205021,0.9753867741172161,0.007542722000536678
0.0,0.0,1.0,0.0,0.0
4.647389151641007e-05,0.002230797177964211,0.011130424117018227,0.9828536600881695,0.003738644725331551
5.452653309458619e-05,0.0033688429311015174,0.03132636304133816,0.9615414760535341,0.0037087914409316314
0.0,0.0,0.0,1.0,0.0
0.0002442942422588732,0.02526334722542883,0.10818111066994605,0.8501847636314785,0.016126484230887653
4.7229120216530156e-05,0.0010890506086113417,0.018493669349325465,0.9772157967732805,0.003154254148566175
6.616357989007824e-05,0.0046631046077702555,0.017078750348054943,0.9731380267534834,0.00505395471080154
0.0,0.0,0.0,1.0,0.0
0.00023509107680522108,0.011995648927225893,0.1039411156930068,0.8326740697861695,0.051154074516792436
0.0,0.0,0.0,1.0,0.0
6.646112737305922e-05,0.005163722179006471,0.04779208014273811,0.9394629727466438,0.007514763804238427
0.00010095202627241619,0.0031589123392081076,0.05039598798778216,0.9420519131341115,0.0042922345126258
9.49035499457662e-05,0.004363931410926287,0.10974125952872718,0.8649720303054118,0.02082787520498894
0.0,0.0,0.0,0.0,1.0
0.0006008435820974888,0.045242174574276706,0.3310186279028897,0.5176937656149999,0.10544458832573622
0.0,0.0,0.0,1.0,0.0
7.254322814271041e-05,0.01709733055368857,0.14896400542410865,0.8158567574945647,0.018009363299495457
4.167471198565902e-05,0.010682199298218197,0.018954704481362546,0.9668833646165867,0.0034380568918470186
4.729931641986243e-05,0.0022636428076333913,0.021148749076623865,0.9724064073279753,0.004133901471347469
0.0,0.0,0.0,1.0,0.0
5.880468041939737e-05,0.0011685583462244186,0.01611642173660827,0.9777260483288422,0.004930166907905619
0.0001634145805844518,0.01404458845795137,0.32628718948133434,0.6263069165418912,0.03319789093823866
0.0,0.0,0.0,1.0,0.0
4.5332690956634254e-05,0.004917054154756858,0.015924705559356486,0.9753095975874072,0.003803310007522663
6.326526159680472e-05,0.008493323744388688,0.08946792790017556,0.890657521036066,0.011317962057772924
5.979280804730711e-05,0.002958505408561867,0.028349886281240366,0.9565333096161759,0.012098505885974576
0.0,0.0,0.0,1.0,0.0
0.00011069501769600697,0.012485962043927922,0.0883263277393796,0.8665399445320413,0.032537070666955215
0.00025496183025934316,0.09551144837329867,0.20607415149696512,0.6205241139382786,0.07763532436119834
4.735537505300095e-05,0.00139962002673828,0.008706639713946609,0.9861185198536102,0.0037278650306519366
6.979538282526637e-05,0.005560997610011333,0.026065637333260096,0.963298957235493,0.005004612438410291
7.701265406059116e-05,0.0037102618709796737,0.01887389458715839,0.9719293017720453,0.005409529115756124
4.9579552932989374e-05,0.000687347756624334,0.00689458584415675,0.9735638728366381,0.0188046140096478
7.291303131480848e-05,0.01118139297091362,0.08343735357539067,0.8879748758288618,0.01733346459351907
6.711019123916175e-05,0.007715880418267724,0.17039393761384442,0.8034606554302648,0.018362416346383945
5.2615269581240574e-05,0.007110602912696271,0.054058035726703715,0.9299479442721718,0.00883080181884705
5.4702942420541195e-05,0.0011551683137158953,0.013619978117593457,0.976686050937646,0.008484099688624127
0.00010580211061411532,0.022679554963321916,0.14275190082795472,0.8119193267710938,0.02254341532701529
9.006931614278343e-05,0.003042664446388522,0.059946281795062256,0.9303810257626509,0.006539958679755493
8.781408835506888e-05,0.02027945522404487,0.12394984588564531,0.841948351313693,0.013734533488261636
5.7201989012741593e-05,0.006549570565654911,0.03812592477507131,0.9507161762025705,0.004551126467690529
8.226701735265385e-05,0.018124927159798354,0.13739977001645734,0.8298848078076588,0.014508227998732907
5.120459401586241e-05,0.002273500879517051,0.024416957681570983,0.9707714471347583,0.0024868897101377576
4.748732146334585e-05,0.0017804729878990754,0.013745812671204642,0.9817776295854718,0.0026485974339612046
4.4156749438596395e-05,0.0009931218871349697,0.012753987842189366,0.9828956129943744,0.003313120526862639
0.0001601825203437642,0.006096050324059298,0.032801042882818446,0.9555457242996223,0.005396999973156238
5.140849012002933e-05,0.0025513443428259322,0.024547581957219834,0.9699549652936433,0.002894699916190922
5.608764450592974e-05,0.003334696493883441,0.012666184207274039,0.9783302805731959,0.005612751081140657
5.757738615976481e-05,0.010577713934292582,0.09247159191750481,0.8865419044469697,0.010351212315073131
7.183307359250517e-05,0.008489479330671894,0.08003035951068936,0.8991525347925727,0.012255793292473394
4.439717977894324e-05,0.0013061121416049536,0.011399573227148192,0.9825186961073904,0.004731221344077508
7.966265167291138e-05,0.013657375730950739,0.18332277079446496,0.7808899827969188,0.0220502080259926
8.677428337051516e-05,0.030956820346871416,0.19585769333156636,0.7603795775086515,0.01271913452954022
4.707991488053767e-05,0.0052448104982011565,0.026582862495457674,0.9586872819887359,0.009437965102724604
0.00021766563119362362,0.05570424490284949,0.2531173599018691,0.6342328263976141,0.056727903166473734
0.0,0.0,0.0,1.0,0.0
7.049333462761459e-05,0.0049295860566466905,0.051158710259085576,0.927083950650356,0.016757259699284186
4.927410058202261e-05,0.002424175490403086,0.02100353306975057,0.9723809768895232,0.004142040449741208
0.0006170260000509789,0.056742977630580865,0.3841860088718082,0.4470643322460129,0.11138965525154704
4.2531989610781535e-05,0.007901127206805192,0.018293675763294385,0.9682702589234959,0.005492406116793791
7.05896725950948e-05,0.008160474856576417,0.08990082007603623,0.8873295963665367,0.014538519028255448
6.531967432986242e-05,0.0034327452864035294,0.027301325025562536,0.9619000957328382,0.0073005142808659045
5.121189073528131e-05,0.0014217820458910881,0.020249731343023068,0.9747697632559885,0.0035075114643619816
5.229183770818879e-05,0.0013004118669192892,0.008711450400833582,0.9876941693035994,0.0022416765909395865
0.0,0.0,0.0,1.0,0.0
8.306614886321541e-05,0.00882727014798439,0.046307595939838624,0.9352806403895625,0.009501427373751278
6.682641481887657e-05,0.005030627387967081,0.11004619931321802,0.8735698031790534,0.011286543704942592
5.589964368002151e-05,0.0017714566805398996,0.036829429709003006,0.9578715485853714,0.003471665381405649
0.0,0.0,0.0,1.0,0.0
0.0001987073993466839,0.0033887468683609047,0.10484870601622549,0.8460506777167772,0.04551316199928976
7.423825238516128e-05,0.005606373562772397,0.030347488887639103,0.9567853097152024,0.007186589582001058
0.0,0.0,0.0,1.0,0.0
7.301023260196072e-05,0.007926905795979728,0.08220628016293882,0.897402783679317,0.012391020129162489
0.00021254019403161548,0.047690638430634126,0.31466855517853887,0.5994146724727378,0.0380135937240576
7.862653556859723e-05,0.010957816191285807,0.045092010249106716,0.9313922070594883,0.012479339964550567
0.0,0.0,0.0,1.0,0.0
7.36347760724436e-05,0.010853423482282385,0.053266077905214315,0.9285623293680962,0.007244534468334566
0.0,0.0,0.0,1.0,0.0
6.696979421794329e-05,0.0006928075018498497,0.01695215609058005,0.9777093436628733,0.004578722950478847
0.0,0.0,0.0,1.0,0.0
0.0001241007514989288,0.028194251644013454,0.17367805572169637,0.7633747942303635,0.034628797652427906
0.0005228676027159467,0.0816664194431223,0.3231547529171378,0.5330744372749882,0.06158152276203579
0.0003112988139474925,0.0736165430056186,0.2830946482270504,0.5647914901309284,0.07818601982245514
0.0005562623740758087,0.02090000226193483,0.41654123616664973,0.5107820246506235,0.05122047454671628
0.0002224876764401593,0.0508596500058543,0.3016054352079162,0.6016406479163334,0.04567177919345602
0.00011475919628459924,0.008341839324467531,0.11429538773192296,0.8390853689481301,0.038162644799194706
0.0,0.0,0.0,1.0,0.0
5.4765304622532516e-05,0.007194521579771921,0.05272654033595941,0.9337435654146943,0.0062806073649519095
6.782107241173888e-05,0.003073662816134763,0.02948595816142569,0.9517279632222394,0.015644594727788477
4.855088684793507e-05,0.005426974198521553,0.028816429466152246,0.9598643448582981,0.0058437005901802175
0.0,0.0,0.0,1.0,0.0
0.00018210352796093197,0.020209559946304186,0.199237987716546,0.7501584490663185,0.030211899742870422
5.5196331545079e-05,0.0027725397815262028,0.052836247182935135,0.9409617932780108,0.0033742234259827378
0.0003310111956974891,0.025755168664284532,0.4089546334983041,0.534913905090304,0.030045281551409873
3.741893415025848e-05,0.002229230390791953,0.009386395077117006,0.9839017220894238,0.004445233508516946
5.634969266247725e-05,0.0011957983888708306,0.01669653843549921,0.9790168890831429,0.003034424399824527
0.0,0.0,0.0,1.0,0.0
0.00019202712502679588,0.06730523884115404,0.21534537490594988,0.6898179070499624,0.02733945207790678
3.9848416423552415e-05,0.004326345453672099,0.01971613748751164,0.9734727352166029,0.002444933425789803
0.00020952100297716303,0.06327842791767858,0.226030088039719,0.6734195595769208,0.03706240346270453
0.00015610757468176043,0.05070226946172498,0.32534982278686986,0.5547307745259059,0.06906102565081741
0.0,1.0,0.0,0.0,0.0
0.0002047693752296637,0.06907896224386315,0.2531271054171925,0.6385788270638277,0.039010335899886964
0.000381659113417436,0.03307051907810798,0.20224653249892963,0.649745488285971,0.11455580102357404
5.6337805036806504e-05,0.001814650647809897,0.00895666776655214,0.9854406606096723,0.003731683170928912
0.0,0.0,1.0,0.0,0.0
0.00025363355063844127,0.015343184641965829,0.08302186675554823,0.8887440027519277,0.012637312299919762
0.0,0.0,1.0,0.0,0.0
4.983825946413536e-05,0.0022559610445347838,0.01905077395281946,0.9699654490090278,0.00867797773415386
0.00011847155215488864,0.01674354181227773,0.13118447138537398,0.8398017401990722,0.012151775051121272
0.003888985498016488,0.07797606270249112,0.2892635458721466,0.48559133197708204,0.1432800739502638
7.681186224776308e-05,0.009195736981043492,0.06542529600159776,0.9187677485372251,0.006534406617885804
7.18247573772337e-05,0.002566419999752632,0.038795660937060564,0.9521463791850422,0.006419715120767396
5.3117412165455066e-05,0.019365557425110074,0.04099731844257899,0.93421998592129,0.005364020798855598
5.015229021642692e-05,0.0008747578771570986,0.008037744467068793,0.9848996410211123,0.0061377043444453975
0.0,0.0,0.0,1.0,0.0
0.0,0.0,0.0,1.0,0.0
0.0002445465811377199,0.058983450281496874,0.20174606875368054,0.678952390932018,0.060073543451666926
0.0001725345961156344,0.032175854924657556,0.236506789877685,0.695477455127514,0.03566736547402776
0.0,0.0,0.0,1.0,0.0
0.0,0.0,0.0,1.0,0.0
5.918437530285103e-05,0.010257607259804813,0.036763411410009696,0.9278220157943685,0.025097781160514233
0.0005546588506497058,0.07633636527885108,0.31780230426379996,0.46619152042411244,0.13911515118258674
8.519727874435711e-05,0.015009293533943962,0.24856256006423652,0.7036801935910714,0.032662755532003825
4.658121017677755e-05,0.004394144922207039,0.029307006742938235,0.961733574295917,0.004518692828761005
0.0,0.0,0.0,1.0,0.0
0.0001146409102189421,0.017680330460083497,0.12926935666755027,0.836716500259585,0.016219171702562294
0.00018048756129006432,0.009762200586325558,0.18702484188760485,0.7834842151890388,0.019548254775740917
6.822202085801112e-05,0.010163901244473694,0.10893032349814638,0.8704994789028798,0.010338074333642235
0.0,0.0,0.0,1.0,0.0
7.884452198704282e-05,0.003739829601577019,0.07651746809505434,0.910252306094188,0.009411551687193749
0.0,0.0,0.0,1.0,0.0
0.0,0.0,0.0,1.0,0.0
9.792144438850589e-05,0.007221594149410474,0.06627642552973839,0.9197381551406921,0.00666590373577037
0.0003233902133395496,0.02960071089522579,0.23754518954036988,0.6677800577775991,0.06475065157346563
0.0,0.0,0.0,1.0,0.0
4.319913326242287e-05,0.0007217251709087596,0.0072360565889198454,0.9900651417321349,0.0019338773747740548
6.230837700906752e-05,0.0031923122426994895,0.05738755054825995,0.9349956429921383,0.004362185839893387
0.0,0.0,0.0,1.0,0.0
9.120948545553722e-05,0.00960122341422842,0.03022544229859606,0.951149010381604,0.008933114420115927
0.00010905975229830358,0.0038138288440699043,0.09276758682526788,0.8953933913540818,0.00791613322428224
0.00013249129116674858,0.005354977880219244,0.06545697838810777,0.9262572466587259,0.002798305781780327
0.00010780428692744032,0.013825994302465637,0.09000204750372715,0.8848063416826293,0.01125781222425045
0.0,0.0,0.0,1.0,0.0
9.396917443002324e-05,0.013679472570032426,0.053474662927602876,0.9250878129727224,0.0076640823552124255
6.557287116701658e-05,0.009977218980457695,0.07908120718058424,0.902284925033038,0.008591075934753086
6.090546473077945e-05,0.0018455865351619388,0.020307930702884152,0.972627653274444,0.005157924022779033
0.00034899078403023904,0.03501778146888573,0.3995014627665418,0.5004399448521722,0.06469182012836998
6.618128517723314e-05,0.006806783704975245,0.04056061160589482,0.9444547852532839,0.008111638150668746
0.0,0.0,0.0,1.0,0.0
7.07511334179444e-05,0.003553521594557145,0.053847687756377244,0.9311087759145196,0.011419263601127959
0.0,0.0,1.0,0.0,0.0
6.252918392585485e-05,0.005786237909869458,0.041166531288857555,0.9473512688273392,0.005633432790007961
0.0,0.0,0.0,1.0,0.0
0.00012073359274940883,0.02847390042785342,0.22338818255100834,0.7290950486645141,0.018922134763874564
5.5331567983227985e-05,0.002780256106319819,0.021627070124492165,0.9680766598730522,0.007460682328152422
0.0,0.0,1.0,0.0,0.0
0.0,0.0,0.0,1.0,0.0
0.5960995584671805,0.03658824109996697,0.15170592203946962,0.14878724341067404,0.0668190349827089
4.905505694487997e-05,0.005011384430099291,0.009260299624719255,0.9793219224117758,0.00635733847646085
0.0,0.0,0.0,1.0,0.0
0.0001084469977046818,0.003314659034623871,0.01791645595576629,0.9706644529375444,0.007995985074360779
4.9637155032457845e-05,0.0012079302314085094,0.012419858988722072,0.984418276184999,0.0019042974398379145
5.824733485849672e-05,0.005227112793981261,0.020833666347551048,0.9696452708069255,0.004235702716683666
8.50686500798168e-05,0.001477876470293957,0.048373126192482775,0.9446772204685071,0.005386708218636272
5.6133527256714254e-05,0.007710606880835368,0.0385183797094082,0.9474460461352808,0.00626883374721893
0.00064349409927599,0.022057329807496136,0.1783807578860712,0.7645232319523975,0.03439518625475902
0.0,0.0,0.0,1.0,0.0
0.00014010134602050986,0.014074919697567034,0.2328252379172668,0.673655796717499,0.07930394432164672
4.902384068378089e-05,0.007971278420628008,0.04703445101139416,0.940213495124305,0.00473175160298893
0.0,0.0,0.0,1.0,0.0
7.135572591223265e-05,0.0029632516871915373,0.027177552414475382,0.954719269247245,0.015068570925175767
6.048759231526163e-05,0.0032059212897285016,0.04939442299008335,0.9369263113441381,0.01041285678373483
5.65269825734548e-05,0.009879286516009798,0.06591760284291649,0.9065666118849142,0.01757997177358596
0.0,0.0,0.0,1.0,0.0
5.744518852735856e-05,0.0027775526158825546,0.02384245580829962,0.9629296621623973,0.010392884224893163
5.7788989781935424e-05,0.00295256714090074,0.04355537881847957,0.9499537698668796,0.0034804951839582086
4.0846320026542886e-05,0.00976757559383732,0.024994590424405116,0.9577877314716648,0.007409256190066147
9.195129566761843e-05,0.008353446893585458,0.39063695467373505,0.57863857234556,0.022279074791451792
4.744731607962075e-05,0.001704072065222905,0.005804757167528856,0.9902348947144373,0.0022088287367313325
0.0,0.0,0.0,1.0,0.0
4.832139260114653e-05,0.0010750650343297429,0.008957584739014703,0.9856959109534622,0.00422311788059215
6.077901932870298e-05,0.0010541128713794318,0.014914399739554178,0.9809387506663014,0.003031957703436294
0.0,0.0,0.0,0.0,1.0
6.136142764913207e-05,0.01024258639182401,0.13187549699731949,0.8407844219640604,0.017036133219146925
6.394639764337285e-05,0.020083202421751097,0.08173493109172901,0.8840831633912537,0.014034756697622759
0.00013128156612826687,0.018189246642781307,0.2452382227519022,0.6774401357838407,0.05900111325534756
4.911251299605102e-05,0.0011341942025404944,0.014491318060030595,0.9810764728046025,0.003248902419830378
8.74698931769543e-05,0.02139635632510427,0.16324663545694576,0.7649846606938859,0.05028487763088703
0.00011511567909502121,0.007056371984554623,0.07614648678552985,0.9093492863836562,0.007332739167164434
0.0,0.0,0.0,1.0,0.0
0.0001513866649694939,0.01924783371938528,0.17423548312105988,0.7844423690849766,0.02192292740960874
0.0002838126323671483,0.04047149505292661,0.20488326157085873,0.7097887584998228,0.044572672244024766
4.533279065984849e-05,0.0018822377407483046,0.038973942021209754,0.9456434002578902,0.01345508718949205
7.696291554118685e-05,0.0016478267781031388,0.021442734993885753,0.968652278200559,0.00818019711191094
0.0,0.0,0.0,1.0,0.0
0.0,0.0,0.0,1.0,0.0
5.691014160096438e-05,0.017789687120458118,0.1608120739615775,0.8165947149745783,0.004746613801785139
0.001266054458246693,0.09079164370494461,0.38224711746113216,0.31754675377295577,0.20814843060272087
8.313969275100933e-05,0.003231182565926746,0.04335609027050455,0.9438967315189596,0.009432855951858025
7.372060857373694e-05,0.02193358220100309,0.0188702261773898,0.9538686897774258,0.005253781235607704
9.162058229553806e-05,0.011681092060038983,0.06467645832177694,0.9137317298989618,0.00981909913692671
0.0,0.0,0.0,1.0,0.0
0.0,0.0,0.0,1.0,0.0
7.164892477014326e-05,0.016424152442220095,0.14999821445037273,0.8205943310479494,0.012911653134687694
0.0,0.0,0.0,1.0,0.0
0.0,0.0,0.0,1.0,0.0
0.00010689235618134835,0.03917545962518348,0.12928782139084544,0.8033171517627585,0.028112674865031304
0.00015878386756303927,0.02902655303519198,0.27019972385803076,0.6654965710380029,0.03511836820121142
4.605201123623541e-05,0.0008862076944826027,0.011593904702456121,0.9851243101753077,0.002349525416517334
6.072947795932971e-05,0.002652471021258256,0.02362307161452272,0.9639904802366412,0.009673247649618417
5.2732635922678356e-05,0.0031118715530764826,0.05343956580145257,0.9347565668560377,0.008639263153510662
0.0,0.0,0.0,1.0,0.0
0.00026986509231090745,0.05556247552372087,0.29521004287670666,0.5862054572430402,0.06275215926422138
0.0,0.0,0.0,1.0,0.0
0.00018445451569886723,0.02012314639759821,0.31523493960823445,0.6316404224277027,0.03281703705076575
0.0,0.0,0.0,1.0,0.0
0.0006407304580180112,0.036501542444780585,0.2576662032887977,0.6051298842874129,0.10006163952099088
7.25134801502023e-05,0.013573769799635626,0.08945003940481132,0.8830698217264786,0.013833855588924256
4.888762147656092e-05,0.007411006696767582,0.09779161607171259,0.8843698997031424,0.010378589906900893
5.980805115495627e-05,0.002624283068470365,0.03153868139698368,0.9635290173391836,0.0022482101442074464
0.0,0.0,0.0,1.0,0.0
0.0,0.0,1.0,0.0,0.0
0.0005628882652343989,0.03861820069909911,0.41940962547364563,0.4706718097267204,0.07073747583530049
0.00018087185033826604,0.028674665751761263,0.28995158934985343,0.5966357724657658,0.0845571005822812
0.00015472153209445584,0.01028746162605552,0.1315637847329481,0.84892680715861,0.0090672249502918
0.00022259914446331786,0.06205006637183357,0.2175486406860993,0.6691573789226015,0.051021314875002395
0.0,0.0,0.0,1.0,0.0
5.3711878686824813e-05,0.0012571831507414994,0.020312100853617867,0.973165277304826,0.005211726812127744
0.0005474030392876706,0.07302816862790595,0.3138379997334542,0.5199778843689487,0.09260854423040352
0.00048519130665839345,0.053982196584454266,0.3252556553660209,0.5232922981695171,0.09698465857334931
0.00017557161495355148,0.03522263913799187,0.2579430144632405,0.6811403108970004,0.025518463886813655
7.61601880072467e-05,0.004115261647682084,0.05397735465481724,0.9354181331144557,0.0064130903950376785
7.018226259141354e-05,0.0023046495840632303,0.06217107267085467,0.9295791372744104,0.005874958208080378
0.00045692671772068206,0.013483780782308113,0.10574416864432958,0.8572056883744242,0.02310943548121738
5.79903862158731e-05,0.0008006388395002551,0.015618017835156872,0.9640938492153371,0.01942950372379003
4.7483392194266374e-05,0.006547316453370458,0.015562245602820395,0.9698413703088071,0.008001584242807766
5.038225331322765e-05,0.002130681054386705,0.036101673591026735,0.9569088637599023,0.004808399341371159
5.384444878022867e-05,0.0038950544833268553,0.013005652922196374,0.9754452709442315,0.007600177201465019
0.000125940343461601,0.0062004615648517366,0.05789096475924647,0.9278280724401811,0.00795456089225906
8.047035927190824e-05,0.04188242253365324,0.20106832132327693,0.7302039260369562,0.026764859746841816
4.540731172033049e-05,0.0018515189422321152,0.04756723434816816,0.9482715697399876,0.0022642696578917564
0.0,0.0,0.0,1.0,0.0
7.200842479859951e-05,0.0038359383269350265,0.021611890416405318,0.9687050909476972,0.005775071884163958
8.499692679036874e-05,0.010648564650715665,0.12506890415577565,0.8420222912989253,0.022175242967793156
0.0,0.0,0.0,1.0,0.0
8.531301132531341e-05,0.0035884041657136033,0.02271583263397456,0.9589102561887148,0.014700194000271642
7.570515316236386e-05,0.002568462841107861,0.020664415907494908,0.9637995223028267,0.012891893795408211
4.76958972599035e-05,0.007138690835202829,0.023400144500623075,0.9658991162296027,0.0035143525373115187
6.681446879748532e-05,0.007875245199699095,0.09440167414708088,0.8801789373586657,0.017477328825756866
7.818452294023282e-05,0.01927128621767287,0.07334453959426525,0.8925821248211796,0.014723864843942074
0.0,0.0,0.0,1.0,0.0
6.67229216416029e-05,0.03152645623505688,0.12914822135394502,0.8155285198516424,0.023730079637713983
5.35974195415364e-05,0.008710209775404312,0.04232812594028448,0.9408820828938066,0.008025983970963043
0.0,0.0,0.0,1.0,0.0
0.0,0.0,0.0,1.0,0.0
5.4851474408346754e-05,0.001234818345841879,0.020204725125006037,0.9705264854023536,0.007979119652390038
3.8720726819900376e-05,0.0027081609901419682,0.0210617014975184,0.9721675152506161,0.004023901534903729
0.0016141889238740345,0.03839546054289602,0.4277149300451135,0.4348320264288969,0.0974433940592195
0.0,0.0,0.0,0.0,1.0
0.0003648522853670825,0.018779555026640856,0.14810831638530395,0.7811030872191652,0.05164418908352275
4.606832597493504e-05,0.0014880917012259633,0.023303216033971605,0.9715725360031442,0.003590087935683142
9.258200333591027e-05,0.019391276370181846,0.09332290636345313,0.8700273134162688,0.017165921846760315
7.229086801765697e-05,0.010193761802745714,0.05010570231313088,0.925418828499497,0.014209416516608927
7.785693139408032e-05,0.021495135661595947,0.15919270376496952,0.7939378289299562,0.025296474712084096
6.934571921064663e-05,0.01358233100133358,0.12815833714408195,0.8492797255625995,0.008910260572774479
6.158284009345054e-05,0.008503296825798149,0.09539803702245847,0.8843863753511567,0.011650707960493162
0.0,0.0,0.0,1.0,0.0
0.0,0.0,1.0,0.0,0.0
7.718708358062017e-05,0.010978505876215272,0.06209134119611883,0.9190741978562458,0.007778767987839371
8.114440929453658e-05,0.005065721070119306,0.03776575856135182,0.9538751940453551,0.0032121819138791
0.0,0.0,0.0,1.0,0.0
9.342834575673326e-05,0.026436640923056812,0.1173972459713385,0.8112842725721585,0.044788412187689336
0.0,0.0,0.0,1.0,0.0
0.00012515422989557349,0.006394575872152694,0.07328008175208037,0.8925115947072425,0.02768859343862886
6.320413129468607e-05,0.00900888179391061,0.10329688944298057,0.8749793077705493,0.012651716861264766
4.6056130738269895e-05,0.0010544343210605372,0.007817209842790818,0.988573262528975,0.002509037176435463
0.0,0.0,0.0,1.0,0.0
0.0,0.0,0.0,1.0,0.0
